                            115學年度學科能力測驗
                           自然科 選擇題選項分析
報考人數：81,132                     缺考人數：2,750                    到考人數：78,382
題號     組別     未答    A     B     C     D     E     F   G   H      I    J
  1     T       0     5    13   *66    13     4
        H       0     1     3    93     2     1
        L       0    10    24    32    26     8
   2    T       0     4     2   *89     4     1
        H       0     0     0    98     1     0
        L       0     9     5    75     9     3
   3    T       0     6     9    16   *56    13
        H       0     3     2     3    89     3
        L       0     9    16    30    21    25
   4    T       0   *58    15     4     8    15
        H       0    89     4     1     2     5
        L       0    25    25     8    16    25
   5    T       0     5     7    15   *49    25
        H       0     2     3     6    69    21
        L       0     8    11    24    31    27
   6    T       0   *52    10     6    16    17
        H       0    81     1     1     4    12
        L       0    22    20    12    30    17
  *7    T       0   *90    26     2     6   *78
        H       0    96    17     0     2    88
        L       0    81    38     4    11    65
  *8    T       0     4   *79    18   *91     5
        H       0     1    96     3    98     1
        L       0     8    57    38    81    11
  *9    T       0   *58    49   *86     6     5
        H       0    72    44    93     1     1
        L       0    45    49    76    14    11
  10    T       0     8     8   *78     5     3
        H       0     2     1    97     0     0
        L       1    16    18    49    14     7
 *11    T       0    43    11    39   *52   *52
        H       0    19     0    23    79    77
        L       0    54    27    44    35    32
 *12    T       0    21   *42    32    29   *68
        H       0    12    60    17    17    90
        L       0    26    38    40    40    44
  13    T       0     5    15     4     4   *72
        H       0     1     4     0     0    94
        L       1     9    29    11    10    42
  14    T       0    20    29   *30    18     3
        H       0    15    17    52    16     0
        L       0    25    36    15    16     7
  15    T       0    10   *45    22    15     7
        H       0     6    75    10     6     3
        L       0    10    18    34    26    11
  16    T       0    32   *42     7     5    14
        H       0    24    54     2     1    19
        L       0    33    36    13     9     8
  17    T       0     4     9    14     8   *65
        H       0     0     2     1     1    97
        L       0     8    19    32    18    22
  18    T       1    15    19    16    29   *22
        H       1    12     9     6    30    42
        L       1    15    25    26    24    10
  19    T       0     4     4     5   *83     4
        H       0     0     1     0    98     1
        L       0     9     9    13    61     8
  20    T       1   *40    16    25    12     6
        H       0    71     6    16     4     2
        L       1    16    23    31    20     9
                               115學年度學科能力測驗
                              自然科 選擇題選項分析
報考人數：81,132                      缺考人數：2,750                   到考人數：78,382
題號     組別     未答    A     B     C     D     E     F   G   H      I    J
 21     T       0     5     5     9     6   *75
        H       0     1     0     1     2    95
        L       0    11    14    22    12    42
  22    T       1     9    20   *46     8    17
        H       1     5     6    71     2    15
        L       1    12    32    26    15    15
 *23    T       0   *81    19     9    20   *62
        H       0    98    12     1     4    84
        L       0    56    27    22    38    35
  24    T       0     5   *56     7    28     4
        H       0     0    86     1    12     0
        L       1    13    25    16    36     9
 *25    T       0    12    20   *83   *71    11
        H       0     1    13    97    82     5
        L       0    28    23    60    61    19
 *26    T       0   *77   *67   *74    40    51
        H       0    88    77    80    29    32
        L       0    68    59    68    47    61
 *27    T       1   *81   *66    57    49   *59
        H       1    93    74    45    34    63
        L       1    64    62    64    61    54
  28    T       0   *20    25    36    11     8
        H       0    41    32    22     1     5
        L       0     7    15    38    25    14
  29    T       0     4     7    11    29   *50
        H       0     1     2    11    14    73
        L       0     9    12    11    39    30
  30    T       0     7    16     9    16   *53
        H       0     0     8     3     8    80
        L       0    19    23    16    22    20
 *31    T       0   *86     6   *85     4     7
        H       0    97     1    95     0     1
        L       0    68    16    69    10    16
 *32    T       0    19    20   *78   *74     6
        H       0     9     7    95    91     1
        L       1    34    36    54    54    13
  33    T       0    19   *60    12     6     4
        H       0     6    88     5     1     1
        L       1    30    33    19    14     9
  34    T       0   *78     5     4    12     2
        H       0    94     2     0     3     0
        L       0    55     9    10    22     5
 *35    T       0    42    16     9   *77   *57
        H       0    37     3     3    88    76
        L       1    42    31    18    63    38
  36    T       0   *50    20    22     3     6
        H       0    71    12    14     1     1
        L       1    27    27    30     6    11
 *37    T       1    15   *90    29   *82   *85
        H       0     4    99     5    97    94
        L       1    28    76    54    62    74
 *39    T       0   *87     7     4   *79     4
        H       0    97     1     0    93     0
        L       1    72    18    12    62    12
  40    T       4     3     8    18    11   *58
        H       3     1     2    11     5    80
        L       4     8    15    25    19    33
  43    T       1     7    23    10    15   *47
        H       0     0    15     2     9    75
        L       2    18    24    22    20    17
                  115學年度學科能力測驗
                 自然科 選擇題選項分析
報考人數：81,132          缺考人數：2,750                   到考人數：78,382
題號   組別 未答  A   B   C     D     E     F   G   H      I    J
 *44  T   1 *44 *58  18    62    17
      H   1  66  73   5    56    11
      L   2  28  42  35    60    24
 *45  T   1 *80 *85 *83    23    30
      H   1  94  97  92     9     8
      L   2  61  67  72    39    55
  47  T   2   8 *64  14     9     4
      H   1   3  88   3     4     1
      L   3  13  33  28    16     8
 *48  T   2 *70  15  12   *71    16
      H   0  93   2   1    92     4
      L   3  39  33  28    51    28
  51  T   1  39 *36  12     6     7
      H   0  27  61   6     3     4
      L   2  43  18  17    10    10
 *52  T   2  30  40  13   *50   *61
      H   2  14  33   5    65    80
      L   3  43  41  21    40    42
  55  T   2  30 *29  29     3     7
      H   1  21  34  38     2     5
      L   3  36  24  23     6    10
  56  T   2   9 *59  20     8     3
      H   1   4  84   8     2     0
      L   3  11  33  33    14     6
註：相關說明詳見國文科選擇題選項分析之備註。
